[gd_scene load_steps=9 format=3 uid="uid://dl7g7n11xewby"]

[ext_resource type="Script" uid="uid://dsbvbnsbvlw41" path="res://main.gd" id="1_h2yge"]
[ext_resource type="AudioStream" uid="uid://b2m4rl8nwsopt" path="res://sfx/georgeHadCompanyMusic.wav" id="2_0xm2m"]

[sub_resource type="Sky" id="Sky_272bh"]

[sub_resource type="Environment" id="Environment_5vw27"]
background_mode = 2
sky = SubResource("Sky_272bh")

[sub_resource type="StyleBoxFlat" id="StyleBoxFlat_h2yge"]
bg_color = Color(0, 0, 0, 0)

[sub_resource type="StyleBoxFlat" id="StyleBoxFlat_0xm2m"]

[sub_resource type="Gradient" id="Gradient_0xm2m"]
colors = PackedColorArray(1, 1, 1, 1, 1, 1, 1, 1)

[sub_resource type="GradientTexture1D" id="GradientTexture1D_h2yge"]
gradient = SubResource("Gradient_0xm2m")
width = 3

[node name="Node3D" type="Node3D"]
script = ExtResource("1_h2yge")

[node name="SubViewportContainer" type="SubViewportContainer" parent="."]
texture_filter = 1
anchors_preset = 15
anchor_right = 1.0
anchor_bottom = 1.0
grow_horizontal = 2
grow_vertical = 2
stretch = true
stretch_shrink = 3

[node name="SubViewport" type="SubViewport" parent="SubViewportContainer"]
handle_input_locally = false
audio_listener_enable_2d = true
audio_listener_enable_3d = true
size = Vector2i(640, 360)
render_target_update_mode = 4

[node name="WorldEnvironment" type="WorldEnvironment" parent="SubViewportContainer/SubViewport"]
environment = SubResource("Environment_5vw27")

[node name="DirectionalLight3D" type="DirectionalLight3D" parent="SubViewportContainer/SubViewport"]
transform = Transform3D(0.965926, -1.13133e-08, 0.258819, -0.25, 0.258819, 0.933013, -0.0669873, -0.965926, 0.25, 1, 16.3122, -0.00929832)
light_color = Color(0.744441, 0.77339, 0.899994, 1)
light_energy = 0.5
shadow_enabled = true

[node name="DirectionalLight3D2" type="DirectionalLight3D" parent="SubViewportContainer/SubViewport"]
transform = Transform3D(0.961516, -0.12941, -0.242363, 0.197264, -0.288849, 0.936832, -0.191241, -0.948588, -0.252205, 1, 16.3122, -0.00929832)
light_color = Color(0.744441, 0.77339, 0.899994, 1)
light_energy = 0.5
shadow_enabled = true

[node name="DirectionalLight3D3" type="DirectionalLight3D" parent="SubViewportContainer/SubViewport"]
transform = Transform3D(0.961516, -0.12941, -0.242362, 0.266457, 0.224144, 0.937422, -0.0669873, -0.965926, 0.25, 1, 16.3122, -0.00929832)
light_color = Color(0.744441, 0.77339, 0.899994, 1)
light_energy = 0.5
shadow_enabled = true

[node name="DirectionalLight3D4" type="DirectionalLight3D" parent="SubViewportContainer/SubViewport"]
transform = Transform3D(0.957552, 0.133669, 0.255394, -0.21875, -0.24004, 0.945796, 0.187728, -0.961516, -0.200611, 1, 16.3122, -0.00929832)
light_color = Color(0.744441, 0.77339, 0.899994, 1)
light_energy = 0.5
shadow_enabled = true

[node name="NarrativeAudioPlayer" type="AudioStreamPlayer" parent="."]
unique_name_in_owner = true
bus = &"SFX"

[node name="SubViewport2" type="SubViewport" parent="."]
size = Vector2i(362, 232)

[node name="Camera3D" type="Camera3D" parent="SubViewport2"]
transform = Transform3D(-2.18557e-08, -0.5, 0.866025, 3.78552e-08, 0.866025, 0.5, -1, 4.37114e-08, -1.77636e-15, 16.4202, 15.5918, -3.97786)
projection = 1
size = 23.972

[node name="PanelContainer" type="PanelContainer" parent="."]
unique_name_in_owner = true
anchors_preset = 2
anchor_top = 1.0
anchor_bottom = 1.0
offset_left = 50.0
offset_bottom = -400.0
grow_vertical = 0
size_flags_horizontal = 4
size_flags_vertical = 4
theme_override_styles/panel = SubResource("StyleBoxFlat_h2yge")

[node name="HBoxContainer" type="HBoxContainer" parent="PanelContainer"]
layout_mode = 2
size_flags_horizontal = 8
size_flags_vertical = 4
theme_override_constants/separation = 10

[node name="LevelNarrative" type="RichTextLabel" parent="PanelContainer/HBoxContainer"]
unique_name_in_owner = true
custom_minimum_size = Vector2(600, 0)
layout_mode = 2
size_flags_horizontal = 3
size_flags_vertical = 3
theme_override_font_sizes/normal_font_size = 22
theme_override_styles/background = SubResource("StyleBoxFlat_0xm2m")
text = "Honk Honk"
fit_content = true
autowrap_mode = 2
horizontal_alignment = 2

[node name="TextureRect2" type="TextureRect" parent="PanelContainer/HBoxContainer"]
layout_mode = 2
size_flags_horizontal = 0
texture = SubResource("GradientTexture1D_h2yge")

[node name="AudioStreamPlayer" type="AudioStreamPlayer" parent="."]
stream = ExtResource("2_0xm2m")
volume_db = -15.671
autoplay = true
bus = &"BGM"
